Set:1

Distance along x-axis               Distance along y-axis

0.9976173398272239                      -0.06899016796655404
1.4611395453957488                      -0.9550754713910551
2.187115895774234                      -1.6427951371642062
2.049578086672579                      -0.6522986197207996
2.452937701608701                      0.26274292088737583
3.3678435046852293                      -0.14092448118627737
2.8845822199657065                      0.7345516924993554
3.5465352424607213                      -0.014993633688270669
2.8895079526365257                      0.7388731585411474
3.1591768500970967                      1.701826265261511
4.145383645939171                      1.5363084238216547
4.996191367232394                      2.0617855607056805
4.952316518513954                      3.06082259588002
5.685532314861726                      2.3808265694312603
5.172311309330365                      3.2390830575986254
4.488498038675385                      3.968740107777776
4.431217121855456                      4.967098208144708
3.9081650807646287                      5.819398954542785
4.209146266106135                      6.773029032754678
3.538327798045424                      7.514650622858878
3.338502265018688                      6.534819129003643
2.362008531596258                      6.31927333668395
1.389537309236263                      6.086250329919259
0.520163308832324                      5.592095650267582
-0.477512720072226                      5.6602318473235345
-0.8770450528899831                      6.576950950993356
-1.211954670324554                      7.519201208700845
-0.21506900029032006                      7.598061597239048
0.03658548353233371                      8.565878739457531
0.9864164562969141                      8.253115053622537
0.38886834351217303                      9.05494811162613
-0.07957152139194523                      9.938443495297495
-0.43286084491381316                      9.002929383225709
-1.2690663381096412                      9.551345624003753
-2.0288382406318766                      10.201535331810438
-2.655157918352077                      10.981101660803978
-3.216094427188313                      11.80896048515425
-3.170931579211006                      12.807940123166246
-4.164661190241645                      12.69613019444391
-5.065890755217848                      12.26278821492565
-4.825434064326117                      13.233448083162406
-5.103940786178096                      14.193882362997973
-4.711816664291352                      13.27397004487491
-5.71181663758646                      13.27420115044556
-6.593608687098268                      12.80256274931842
-7.565377615481815                      12.566628118905054
-8.162614433719039                      13.368693068233895
-9.02320553661057                      12.859396540046301
-9.581976538612661                      12.03007454749963
-8.73327394350448                      12.558944952283865
-8.844396983482797                      13.552751608523385
-7.847178189799015                      13.478221899521788
-7.0246868788111705                      12.909444224723018
-7.295379520313164                      13.872110051392207
-6.298018857958156                      13.799503514587448
-5.98651372278478                      14.749747983532474
-6.253631756512192                      13.786084164528356
-7.19721238695065                      13.454941304328468
-7.300330921684791                      12.460272229814596
-7.752693236559969                      13.352106483519156
-6.942393566002071                      13.938122220418569
-7.703398820938556                      14.586867934823724
-8.644030302326831                      14.247438389525586
-9.563240911667549                      14.641204634492658
-10.119028648270834                      13.809880394595014
-9.332624507276897                      13.1921680610387
-9.887238410993282                      14.024275877252723
-8.897013500598083                      14.163755721075475
-9.5842958213322                      14.890146119970124
-8.584408026617693                      14.90512603922754
-8.707421045533817                      13.912720982218486
-8.151600352185232                      13.08141877673272
-9.117309991907753                      13.341043297429437
-8.150344336794719                      13.086136605026473
-7.92428883152773                      14.060251027739989
-7.1552940497607675                      13.420995972527141
-6.449419832107988                      14.129333172491307
-7.396475889803542                      14.450401426266351
-8.383808035879436                      14.609068478060879
-8.437593412998064                      13.610515959057393
-9.376438713163967                      13.26617673335635
-8.608102053599287                      12.626130815027835
-9.24279234420785                      11.853364204072614
-10.147637674451381                      11.427623756926145
-9.931582626103728                      10.451242573123686
-10.594906221270078                      9.702909887685191
-11.071712371376837                      8.823901414904427
-10.469290283565726                      9.622079106973871
-10.14951672428658                      8.674585111855198
-10.723724364627891                      9.493294819733187
-11.031062204803122                      10.444895288415514
-11.981159329027413                      10.132941037697988
-12.572797376115243                      9.32673732818153
-11.573467841593459                      9.363349913892897
-12.079864241062939                      8.501049104079787
-11.10938601883237                      8.742237868694128
-11.157118062787498                      9.741098045085131
-10.24213610790457                      10.14459280618943
-9.529330193771935                      10.845954145855039
-9.624523478746502                      11.841412953890686
-9.0201626763911                      12.63812370477606
-9.9561928078247                      12.990043572144188
-10.95506736783659                      13.037473661339282
-10.056051293922112                      12.59955803151614
-10.832718639920996                      11.969647058712008
-10.139829130897505                      11.248603281757248
-10.50372496180375                      12.180042933183497
-10.188997595562546                      13.129225046868156
-11.165817787230026                      12.915163576372626
-10.978704455057402                      13.897501909597619
-10.660799889682774                      12.949379192163862
-11.603647449332476                      12.616154824413538
-10.64982303029644                      12.31579008338928
-9.758367387166762                      12.768898057642934
-9.861738556535645                      11.774255206493182
-10.134128483562336                      10.812068256023371
-9.700325396366463                      11.713075959397393
-8.904890080183847                      12.319114454684172
-9.298412901961715                      13.238429302133067
-8.639576623963187                      12.486142947881545
-8.102554459950923                      13.329711081086911
-8.999635551667698                      13.771577027822161
-8.599568666259026                      12.855091082922074
-9.154213504355774                      13.687178280019008
-8.571607812784675                      12.874423330388455
-8.817429861349627                      13.84373830522343
-7.862409923791276                      14.140279902416884
-7.963554365424223                      13.145408150919858
-8.900311013257369                      12.795426747499038
-9.87880251315385                      12.589139606284824
-10.531918468547039                      11.831881691957847
-10.513698519160172                      10.832047689013187
-10.909043176103056                      9.913514835911725
-10.096328338793224                      10.496176481480108
-11.036241714799315                      10.8375894947131
-10.97682743071332                      11.835822905718036
-10.019593872850393                      11.546506615645937
-9.3648981552665                      10.790614085336692
-10.137446398500384                      10.155658014512701
-10.80354379953902                      10.901522782637308
-9.834092532213596                      11.146806781873154
-10.60777063075481                      10.513227899777444
-11.21663076406451                      9.719950307716445
-11.872425554669361                      10.474889505675817
-10.982012464343427                      10.019736203396004
-10.153216691329964                      9.460184984440119
-10.895756249560607                      10.129987197382599
-10.48654260710834                      11.04242579522409
-9.518013533216733                      11.291326243248328
-9.525455522803297                      12.291298551260402
-8.97787260763454                      13.1280499785166
-9.625836143277725                      13.889721335780862
-9.460339548044626                      14.875931697197863
-10.230007086895046                      15.514376588821204
-9.43219960407212                      16.11728887129001
-9.557430672138826                      17.109416473764043
-8.945483889649061                      16.318517532431823
-9.945035520577761                      16.288575302926066
-10.685660707422773                      15.616656905640511
-10.32997226630956                      16.55126149200763
-11.325446813197036                      16.45623293577755
-10.361906926255951                      16.18866820291172
-11.289153490883875                      16.56311954606022
-10.68686112604621                      15.764843962531417
-9.816372211266083                      16.257031984779946
-9.605586945761182                      15.279499595625484
-10.155230765275258                      14.444100486414817
-11.133739815290857                      14.237896609056586
-10.741709860464361                      15.15784906137069
-10.494078806796798                      14.188994654733918
-11.0797484376532                      14.999544519635842
-11.10719973559403                      13.999921377526094
-10.123140033842548                      14.17775979685326
-9.924791411673105                      15.157891330925848
-9.496058087546759                      16.061322422256875
-9.082117556450436                      16.971626347721166
-8.088840137541764                      17.087384583221393
-7.122623747278967                      16.829652382696256
-6.177271907273402                      17.15570437026587
-5.875661040498151                      18.109135482115637
-5.814837165762816                      17.11098696798451
-6.174231225079424                      16.17780107539508
-5.79391106963122                      15.252946179014112
-4.801495771244776                      15.130015810396165
-5.7873810949782                      14.962593803339027
-5.013090929551432                      14.3297630678944
-5.801757154779275                      13.71494147980167
-6.183405760467216                      14.639248972888495
-7.177850005092777                      14.533984333378845
-8.171502068036729                      14.646481345815747
-8.347783163736521                      13.662141478036899
-9.343559640598782                      13.753952197061322
-8.352081584901205                      13.62367838898713
-7.724894190483535                      12.844809996841466
-7.51522923692414                      11.86703670652876
-6.840197045018665                      11.12924843074004
-6.1467435807444435                      11.849749848425029
-6.049229697216985                      10.854515683758546
-6.48926044063671                      9.95653297521373
-5.685562605357961                      9.361495338111459
-5.975832391189186                      8.404550485241923
-6.462138829692647                      7.530762153968222
-6.1877378320261425                      8.492377509752242
-5.381605450867427                      7.900642278379815
-5.966537419646899                      7.089559920107998
-5.248312202844515                      7.78537062565166
-4.32680360156216                      8.173728576210983
-4.108067900676745                      7.197944433504121
-4.600409096039305                      8.068346724027856
-5.600383160698367                      8.061144640354806
-5.45249989943956                      7.07213981678747
-6.211789841413578                      7.722892292016793
-7.112840457678837                      7.289178346047798
-6.428103277177739                      8.017968434920723
-6.137168956482475                      8.974711462614987
-6.424426109855927                      9.932564962809971
-7.280951167717683                      10.448670402865506
-8.267812277433084                      10.610241285549504
-7.927899259080233                      11.550698163856136
-8.2583571545299                      10.606877429110932
-7.275647308382851                      10.421725172074613
-6.872505936982442                      9.506587458577131
-6.52621156227341                      8.568461557620932
-5.5420688187604235                      8.74583985502716
-6.050270110131369                      9.60707817712442
-5.104729812905015                      9.281573113690532
-6.098321635416551                      9.394600943176037
-7.05217068462038                      9.694887458579164
-7.759437175500794                      10.401834493991085
-7.931518543808254                      9.416751754988198
-7.350210792728183                      10.23043553787577
-8.35002829839652                      10.211331733041472
-9.06995883183562                      10.90537786048697
-9.84765193316285                      11.534021988868073
-8.97757698885716                      11.041102531662888
-9.936433414361609                      11.324993981461635
-9.253297650244091                      10.594702582235561
-8.306751750144995                      10.917271736070193
-7.836216068073235                      11.799652703621774
-7.158568473720612                      11.064265908888483
-7.819493717234039                      11.8147176544969
-7.0467792837893795                      12.44947146846441
-7.884987091215239                      11.9041205066331
-8.710519362281502                      12.46847542105148
-7.7817997685498455                      12.8392582634524
-6.895074247227559                      12.376961984172848
-5.895236422737627                      12.3589529664528
-4.99705083951669                      12.798569456241417
-5.890711317460422                      13.247313202895763
-6.226048763738464                      14.189411285434796


Set:2

Distance along x-axis               Distance along y-axis

-0.8932514054501006                      0.44955747870702806
-1.2626600245787543                      -0.4797095830752463
-1.051909871962421                      -1.4572495429603614
-0.21230188601140043                      -0.9140567319555847
-0.5820862585858457                      0.01506086975031562
-1.5093016395238776                      -0.3594676837031433
-0.8577221024870965                      -1.1180480070143495
-1.681910157695338                      -1.6843642169642825
-2.6801874746068255                      -1.743036173979552
-2.2919009463703066                      -0.8214974759369623
-3.2905072730183327                      -0.7687205455740098
-4.279586828267047                      -0.6213379367322425
-5.278968701183571                      -0.5861829643120939
-5.484663442491057                      -1.5647991676310693
-4.510533822254049                      -1.33880916126596
-3.5121165823423746                      -1.2825684727286308
-4.048828202750401                      -2.1263342201484883
-4.275115579461708                      -1.152273635204659
-5.10180433937837                      -0.589614151833542
-4.437470751625689                      -1.3370503592677623
-4.822047926254311                      -2.260143202244387
-5.7271963931872305                      -2.6852387830365014
-5.248853149296441                      -3.5634117392495908
-5.0754781318637265                      -2.578555859777774
-5.30494628167731                      -3.551872030516312
-5.422647563728439                      -2.5588229842937595
-5.042328020639371                      -3.4836781324896933
-4.703522770853655                      -4.424534658596431
-4.829232313458808                      -3.4324675686786152
-5.5391604096308535                      -2.728193404545402
-6.0864963673499926                      -1.8912804166024062
-6.464441993057353                      -0.9654526226749004
-7.23734401722075                      -0.330927240169108
-6.302141951934936                      -0.6850417655491702
-5.956179877993657                      0.2532067321284168
-6.183170865870401                      -0.7206901265905853
-7.160679756214321                      -0.9315843401162236
-6.6565045632173945                      -0.06798294203577138
-7.652649962390058                      -0.1557003502688951
-7.0421835551605                      0.6363417986374851
-7.210156252445604                      1.62213344648543
-6.440374610716956                      0.9838261348732665
-7.2232065577665345                      1.6060593248258486
-6.3024662063428005                      1.9962351893537549
-5.431172694184289                      1.5054729091503096
-6.204444407181981                      0.8713981045116025
-5.322960365035628                      1.3436119156621509
-4.411628317429938                      0.9319398386313895
-3.5307504198188413                      1.4052834025469192
-2.5644542791675144                      1.6627164395921898
-2.5548807223747385                      0.6627622671371041
-1.5549712564868101                      0.6762181219118142
-0.5988055089808421                      0.383392126999557
-0.04710975904443726                      1.2174375691081438
0.11694045577199691                      0.23098557989697
-0.7364300868278035                      -0.2903192417025642
-1.7093911172785892                      -0.5212885756500499
-2.215363937176559                      -1.3838379977265456
-2.9545797973121255                      -2.05730656575629
-3.635703047909978                      -2.789475342402095
-2.638588752914255                      -2.7135603721051775
-1.6620618948336876                      -2.498164700265432
-2.1894522050561323                      -3.347787828883923
-2.8726574213866174                      -4.0780142543019675
-3.693817284967942                      -3.507316016663984
-4.64071167367361                      -3.1857712816150032
-5.530505749144239                      -2.729409031579608
-5.764801306875963                      -1.757243617862796
-6.722245820265775                      -2.0458610182040546
-7.689985692641484                      -1.7939095557866938
-6.998246359048138                      -1.0717622755454443
-6.0313542648985905                      -0.8165766994030937
-6.545810183627143                      0.040940127070393295
-5.896433557103818                      0.801407086855752
-5.0501250434691345                      1.3341001502134908
-5.763112249196641                      2.0352771923853537
-6.701130739486928                      1.6886919764953345
-5.845060348463223                      2.2055512277548246
-6.813221433806584                      2.4558792382266175
-7.7972580843590515                      2.2779133134840412
-8.744051356387272                      1.9560709607053919
-7.7567221977989025                      2.1147566015213815
-8.57396046304483                      1.538456664146905
-9.1339543655949                      2.3669533926297293
-8.193726942493043                      2.707500588840832
-9.14528121008649                      3.0149814432443236
-8.344590770890386                      2.415903134022607
-9.089091519665157                      3.083524759701258
-10.034765089484459                      2.758407089702815
-9.096389090452407                      2.4127909956901132
-10.03144940135854                      2.7672796626008127
-9.91614193589594                      3.760609511346229
-8.95151047357529                      4.024211753182529
-8.775443112185052                      3.0398336326144824
-9.662369683434378                      3.5017440754623523
-10.229110307415496                      2.677847804606918
-9.243599318492299                      2.847459392393905
-9.888263681786157                      2.08299365823774
-9.035559460773472                      1.5605996388738599
-8.255844877161639                      2.1867347425879267
-7.712898635962164                      1.3469672871769887
-6.754508331625388                      1.6324283607987025
-6.91253266694911                      2.6198635786461804
-7.9068028232967205                      2.512967104445683
-8.329447541511259                      3.41926255415585
-7.60055628643344                      2.7346330643797505
-7.319210057129204                      1.7750267392357943
-6.888637771704188                      0.8724706429050021
-6.487342821250105                      1.7884195294374634
-6.3103352534376596                      2.7726290198088592
-5.708436123592572                      3.5712011439728113
-4.70846000350163                      3.564290337372488
-5.621589596029121                      3.9719597466376135
-6.612289696518082                      3.8358961185397153
-6.677757101665169                      2.8380414102463147
-7.005067105895916                      1.8931243974190144
-7.392029758157092                      0.9710290087769298
-8.238740115865706                      0.4389749042453054
-8.200039695928595                      1.438225762386889
-7.509889441062733                      2.161891863367573
-7.245425847947199                      3.1262875331610562
-7.0243204636384355                      2.1510376118436154
-7.822411163705862                      1.548500281493134
-7.7988567285245844                      0.5487777256891293
-8.734064394633908                      0.9028774591687696
-8.72427854298891                      -0.09707465823865014
-9.572186309009659                      0.43306911501696876
-10.287676104333853                      -0.26555406867145115
-10.317463676526039                      0.7340021831437707
-11.216616306450764                      1.1716373600885086
-11.479963610107793                      2.1363384524775304
-12.018678181851964                      2.978826796723606
-11.04813006819171                      2.737919430562826
-10.183112154245602                      3.2396604081123215
-10.159430093746698                      2.2399408674357746
-11.045142291817001                      2.704175616446953
-11.945846854520303                      2.269743469011414
-10.950710358878611                      2.1712378598210016
-10.07601259447456                      2.6559066342913162
-10.009265522067526                      3.6536765618422975
-10.190926085592455                      4.63703785844686
-10.772937877367593                      3.8238575129916255
-9.887134415166425                      3.359796928205087
-9.673217643502605                      2.3829450383052264
-10.658153941451877                      2.555862616885266
-10.903969145603115                      1.5865459063060636
-11.890041763387936                      1.420230565898178
-12.47901406817844                      0.6120773476346102
-12.082313800918598                      1.530025547674226
-11.212664288290512                      1.036355895795836
-10.417065917218162                      1.6421803191620639
-11.416826905965864                      1.6640427384749967
-12.239697952554618                      2.232270897479748
-11.909573556945473                      1.2883334612988873
-10.999510793071773                      1.7028039256393062
-11.773938316978377                      1.0701412902514682
-10.816219611780111                      0.7824350482035101
-10.924764494728853                      1.776526597501483
-11.030247150454201                      0.782105454654486
-11.055009702802447                      1.781798815641344
-11.150556483930476                      2.7772237563656925
-11.900465477911762                      2.115682751781718
-12.323689454475335                      3.021707842859065
-11.348330825544043                      3.242333192647495
-12.158343362681109                      3.828745751927029
-12.677545689057144                      2.9740943936026465
-13.674097305056723                      3.0570695504185874
-13.499464241396025                      2.0724359672636767
-14.494822804051854                      2.168671780492035
-15.253655613792615                      1.5173863078604533
-14.772565639409493                      2.394057532749263
-15.769467858613824                      2.4727084408525983
-15.778776780830722                      1.4727517698077177
-16.46976419933602                      0.7498849857683737
-15.85271588200825                      1.536810251650064
-14.854858852791654                      1.6022422716634512
-15.82016615209448                      1.8633587550816466
-15.814915033705528                      0.8633725422988576
-16.79566971387881                      1.058616639055209
-15.891941700339057                      1.4867237255925543
-16.54284130986489                      0.7275599103859033
-15.672083819080658                      1.2192726235052067
-14.746385615306794                      1.5975355420286066
-15.66172337102065                      1.1948485755587162
-16.262485344456252                      1.9942765280808685
-16.0547073793178                      1.0161005126302112
-16.947636022808776                      1.4662987330102666
-17.296330281352382                      0.5290622025342477
-18.28536439275403                      0.3813749434901582
-17.55244197129306                      -0.2989372819767877
-16.586772011302198                      -0.5587093520136706
-15.874427709962205                      0.14312082427432427
-15.15111016401046                      0.8336363763934231
-14.168608792849557                      0.6473810256865359
-13.320496974086742                      1.1771982987862615
-13.062653592251786                      2.1433850252754603
-13.69933078705665                      2.9145154614634046
-14.594182789520374                      2.4681524996412283
-15.231492134078183                      3.2387605708027603
-16.14255822471353                      3.6510208993506676
-16.21834111412782                      4.648145241482591
-17.192731829784467                      4.873006828335764
-17.61264135347356                      3.965440857226666
-18.30428933497489                      3.243206082596464
-19.090851225010432                      2.6256946307644213
-18.760488229323563                      1.6818406743279404
-19.22729029822117                      0.7974788544414679
-18.500329817910156                      1.4841581537260626
-17.611289743334734                      1.0263287686939024
-18.39503304275062                      0.4052438786662186
-17.444662933124178                      0.7163654862871436
-17.690664152255476                      1.6856350051444713
-16.690666830764624                      1.683320483353142
-16.284008097335363                      0.769740342081611
-15.870402074566925                      1.6801963036358611
-16.258853025735732                      2.6016657054805714
-16.999255907440556                      1.9295023527431643
-17.95726918479174                      1.642778512752767
-18.18533292200996                      2.6164247173702657
-17.957874177773537                      3.5902124353408658
-17.864468727601242                      4.585840589763043
-18.51985343087571                      5.34113582390254
-18.162551266336568                      4.40714697856463
-18.311460651787222                      5.395997824205523
-19.112401083368272                      4.7972537845201515
-19.82721813731552                      5.496565288348151
-20.740288636671256                      5.904367033325125
-19.847685699726195                      5.453523383090312
-20.81749215912804                      5.209647530857135
-19.820743723668702                      5.2902239319269455
-18.96535172040582                      5.808205129224603
-18.79308087377483                      6.79325475000573
-18.236042097044734                      5.962768265336027
-17.36624194481879                      6.456172455820586
-16.401493845980774                      6.192997408013178
-17.232578297087283                      6.7491436433946586
-16.771633931250406                      7.636572678080385
-17.19713422218937                      8.541530965743886
-17.734273533007293                      9.38502451093202
-18.059972464919777                      8.43955097573864
-18.69414236484554                      7.666357249672432
-19.677482204688467                      7.48458057521257
-18.764999365670818                      7.0754655932108195
-18.09926756292163                      6.329274487120485
-19.020013513997                      6.719437137278479
-18.875003417570404                      7.708867312649308
-17.945403467663436                      8.07743743234563
-16.94552176828017                      8.062056039741867
-15.945769543337915                      8.084315615726418
-16.215383967340433                      7.121347255721899


Set:3

Distance along x-axis               Distance along y-axis

0.953335878907218                      -0.3019117453631143
-0.04585953951816912                      -0.2618054391542969
-0.5087327374739818                      -1.1482299439002785
0.4696579458957696                      -1.3549947153079602
-0.27608795346647097                      -2.0212251961360312
0.7220888142107473                      -2.0815836294279952
-0.1671639388560282                      -1.624167471904936
0.10023245485780757                      -2.5877540889917627
0.3130210734116634                      -1.6106558320012279
0.7958004519531598                      -2.486397844043066
0.4607023747677459                      -1.5442145929360223
1.232637999813957                      -2.179915301433752
1.96421580637226                      -2.861673259180739
2.1113715739562395                      -3.8507865894249376
1.4896307615295292                      -4.634009649710431
2.134568756828956                      -5.398244549606502
1.6512817537934645                      -4.52278257287823
0.9923568855050203                      -3.770573813323373
0.384048257256856                      -2.976873231996361
1.1215673475811623                      -2.3015469468517598
2.112343077128837                      -2.1660351254512906
1.7769203474529878                      -3.1081028472297207
0.8553742171012626                      -2.719833958914212
0.4299379077705926                      -3.6248223271837157
-0.5403473885727019                      -3.3828586032497237
0.21363148249025277                      -2.7259599337499045
0.8109334600917515                      -3.52797635973714
0.1547240962452252                      -2.77339748990302
1.14728040049852                      -2.89518411842619
1.648294332754345                      -3.7606233362142194
2.468455955891372                      -3.1884914353965517
1.599410188596337                      -3.6832231347514486
2.0075680651038312                      -2.770311776598373
2.9995434539926755                      -2.8967428955478876
2.2874810045351808                      -2.194626759803527
2.7421202009963674                      -1.3039510606620683
3.7269275152225125                      -1.477601726790036
2.8610913973765615                      -1.9779294364298803
3.0420514506065253                      -2.961419883325532
4.0031534361281205                      -2.6852261588739306
3.142255188183363                      -2.176448990866514
4.094820621430212                      -1.8721151357283703
4.9637221810227725                      -1.3771302069299116
5.298304886136623                      -0.43476381669801323
5.0388634812229816                      0.53099503385239
5.8893229642410585                      0.004954476723355028
6.091447438752648                      0.9843143170289567
7.05847634011912                      0.7296476644771287
6.059909082198681                      0.7831587045460326
5.7010539506777524                      -0.15023456443607075
6.656251233409693                      -0.4462044126664584
6.216994602514935                      0.4521572139711596
5.878983094182348                      -0.48898476269056035
6.869625343602663                      -0.35250057436290366
5.96600199913907                      0.07582739733685578
6.963894187304835                      0.14072100871534585
5.976747700396848                      0.3005390721037462
6.673526202819215                      1.017825429538518
6.706346987771916                      2.0172866824518505
6.26067316818062                      2.9124821061057613
7.124452173756903                      3.416352952182063
6.262431377585068                      3.9232258622564498
6.851606019004928                      3.1152201432743496
5.852085361411369                      3.0842612181680007
6.848730711189051                      3.0024196225914133
6.379673429504535                      2.1192518772005773
6.320053843136352                      1.121030706857408
7.308874765753454                      0.9719227493411674
7.106063276205505                      1.9511405492750442
6.588473188436608                      2.8067692660929087
6.391202043923284                      3.787118232299536
7.246343097999295                      3.2687228449418084
7.067615703144119                      4.252621477082479
7.16573587476987                      5.247796050672527
6.773428610281717                      4.327961820917065
7.773382035479146                      4.318310528986418
7.535712784006731                      5.2896566706396095
8.019115756815985                      4.414258723486902
8.77814726144462                      3.763204827882865
9.750358023426093                      3.5290975142692083
10.305941014280467                      2.6976364266208988
9.404225443490482                      2.265306657353397
8.5338163574015                      1.7729774759577142
7.76414305578618                      2.4114154203035776
8.12196607114973                      3.345204845000675
8.618647874669582                      2.4772721367494728
7.63291799045787                      2.3089373650237075
6.776809499659766                      1.7921412234133114
5.796510661389032                      1.9896613177962625
5.559985921597359                      2.9612867844584336
4.827213137622168                      3.6417601836925617
4.712631842253951                      4.635174058546211
3.725850938890006                      4.797234074454627
4.025253208174859                      5.751361047738099
3.0494840681212705                      5.532558430479802
3.0410637884067873                      4.532593881663431
2.128917505233299                      4.942458686315881
1.5276525188688845                      5.741508381999572
2.4367626115561882                      6.1580643078655735
1.4367688247331278                      6.161589405775667
1.1356794087173934                      7.115185317870147
1.3443034162542569                      6.137189395854488
0.3719909188375029                      6.370873814177993
-0.588667508704583                      6.648606393455915
-0.35367029397883987                      5.676610349703091
0.056067699893458556                      4.764407095829534
0.2657248273995624                      3.78663212740076
-0.20824901590342404                      2.9060932038632505
0.7880960733651259                      2.9915125406111165
1.7832398339152449                      2.8930803515763945
1.0961480939915726                      2.166509679908001
0.6783607017553841                      1.2579648571895592
1.4901984830303536                      0.6740818064897338
1.1771140353126177                      -0.2756434846325361
0.9969449807838632                      0.7079921754521391
0.014318717163179118                      0.8935875041725946
-0.4580307993943978                      0.012176173290228798
-0.9592652085588351                      -0.8531353700683337
-1.4514452798405157                      -1.723628780401324
-2.2765932115060354                      -2.288545491844803
-3.095905476868981                      -2.8618930407414895
-3.7010976743769355                      -3.657972436326812
-4.166442717761054                      -2.7728430725624906
-4.7671921627066505                      -1.9734057051611673
-4.032450625156356                      -2.6517528677543556
-3.488298165468062                      -3.4907392208109354
-3.35435664796172                      -4.48172845883933
-2.992318188482919                      -5.413891617228577
-2.078245291186456                      -5.819441538234673
-1.0793728035430945                      -5.866915251267909
-2.0672330577143296                      -5.711570092898738
-1.1594662248337713                      -6.131045213879709
-0.4566044118439814                      -5.419718796655728
-0.1825638543478052                      -6.381436932518406
0.00746494225002442                      -7.36321544952903
0.7708611687282869                      -6.717284956829739
1.754265950065252                      -6.89870997176317
2.14138124563259                      -7.820741287900432
2.1514112292666767                      -6.820791589451406
2.9138139539516192                      -6.1736887495619674
1.9554408833240853                      -5.888169822875921
2.5625536652289913                      -5.093554148447279
3.477627493321673                      -5.496840509659513
3.2732930848082704                      -4.517939365775476
2.469850202764923                      -3.9225575258660945
1.4708894142763607                      -3.8769796467764577
0.904779260867238                      -3.0526500438826276
1.392520289114131                      -3.925638411138838
2.205845476889882                      -3.343829044653956
2.8032208869787527                      -4.145790776547164
1.846805166309108                      -4.437799285423129
1.0138687538080888                      -4.991167998606239
1.4152600526569632                      -5.907074667000139
2.2954706850032487                      -5.43249143646565
1.8866638748720006                      -4.519870489965783
1.316673524182364                      -3.6982191039627494
0.6402188795990236                      -2.9617348109723105
0.7744951861439868                      -3.9526787415257214
1.0648893762657052                      -2.995771633001832
0.18682766752864066                      -2.517224210430415
1.0766579454804803                      -2.060932553219644
1.9232483669710376                      -2.593177476389833
1.3435772339342666                      -3.408028001040745
2.07493332509016                      -4.090023798629831
1.6233031703076741                      -3.197818551340202
0.86874100720653                      -3.8540471258598754
1.6582299572134658                      -4.467811899871016
0.7640011172396552                      -4.9154219776832715
1.691199585367077                      -4.540851556130578
2.2003173107527623                      -3.680154663085119
1.2187055934176771                      -3.8710432075042767
1.061219611959194                      -4.858564430387136
0.5321139454285805                      -4.010008484296841
-0.0680348098974971                      -3.210120072403932
0.7267909460037164                      -2.6032823529466915
-0.18600291864685825                      -3.011702921302729
0.7131529071986188                      -2.574074310665652
1.7124272389510027                      -2.5359848121020514
0.8534582454502854                      -2.023957207177898
1.6648422998634853                      -2.608470608430596
2.110273589775003                      -1.7131544821557694
3.109779053386963                      -1.681708843191989
2.113400522690955                      -1.766737212387594
2.474550949196166                      -2.699244783099545
2.5895508178109976                      -3.692610289959216
1.600068218505573                      -3.837262236616634
2.1926569095087123                      -3.0317570266426785
1.195369862717392                      -3.105367802363679
2.105759629649422                      -3.5191195060042126
1.260935332624499                      -2.984075669336277
0.5841170470712654                      -2.247925543111482
-0.40153193078453897                      -2.4167333997171743
-0.388615356293393                      -1.4168168221451176
-0.5152816904833517                      -0.42487144069366
0.17239855076190203                      0.3011422546323095
-0.606839261946676                      -0.32558610059437965
-0.6233003828511325                      -1.3254506071644294
-1.4233542523715261                      -1.9253787744190145
-2.2593847251659978                      -1.376695761597356
-2.1821937142383803                      -2.373712084348379
-3.1703684204465628                      -2.527044240174783
-2.7011156996505243                      -3.4101081586005755
-2.309492861302123                      -2.489982323464999
-3.306070476372795                      -2.5726446313208275
-2.9048589192495506                      -3.488630049562156
-2.180136330432922                      -2.7995892893317293
-1.8858549981719177                      -1.843870451240375
-1.1220930782314196                      -1.1983724034905743
-1.8505342985092645                      -0.5132640992056793
-1.2193937684558827                      0.2624044068740352
-2.134217584769696                      -0.14144876583237098
-3.0719801357611014                      0.20582835399859567
-2.122679461523047                      0.5201979293254317
-1.619659959214295                      -0.3440771312293984
-2.3008836260510512                      -1.0761524796338398
-1.9031270658279595                      -1.9936434707609973
-1.6737165261467781                      -1.0203137197088736
-1.9078860736612981                      -0.048117945691703246
-1.0167972851497176                      0.4057110650479842
-1.551433940934619                      1.2507931002913901
-2.1879940252137233                      0.4795659877606002
-1.1956590329347943                      0.6031429398947982
-1.4782109560371668                      1.5623949457572572
-0.9341799788798969                      0.7233298136648159
-0.16545263170749258                      1.3629064437172889
0.7895656144027926                      1.0663593992261409
-0.13661222181500488                      1.4434464126579463
0.46759002760869317                      0.6466154131408948
1.0574263188258066                      1.4541382608444384
0.3502290143485649                      2.1611545071500826
1.348881631443563                      2.109260862362776
2.3101172527185643                      2.38498913510981
3.132293898172415                      2.954221568892578
4.052479247969235                      2.5627385909493423
3.976943057511451                      1.5655955300342472
4.187237896747561                      2.543233541054
4.895328420730081                      3.249355208931541
4.25882389256666                      4.0206281733400315
3.270339826732066                      3.869303186668597
4.036108261695084                      3.226186786617805
4.137896563937842                      4.2209928689909155
4.942733816201956                      4.8144884438421105
4.669031748418856                      5.776302967589416
5.02462572010594                      6.710943501324073
5.831649388631281                      6.120424408965579
5.363507804402184                      7.004077880138228
6.050134692172513                      7.731087864244934
6.059403457749213                      8.73104490831467
7.05685056761796                      8.65963578414636
7.7908915312818845                      9.338740977517267


Set:4

Distance along x-axis               Distance along y-axis

-0.8480526252786172                      0.5299120160536513
-0.5838398655078278                      1.4943764361201994
-0.5607305267400968                      0.4946434925489084
-1.5416385592022894                      0.6891156804091526
-1.073390574713465                      1.5727127746903378
-0.38304490711023                      0.8492330865017587
-1.2010486503195756                      0.27402019017945023
-0.29121862288453104                      0.6890012996019708
-1.2820606257278158                      0.5539749118049615
-1.0132832948985813                      -0.40922742749468544
-1.9139667503300137                      0.025248478755701187
-2.913868739848987                      0.03924888432122392
-2.152951162213042                      -0.6095996650681121
-3.104869710780187                      -0.3032484338092511
-4.081995649435672                      -0.5159099018908859
-3.693370402994751                      0.40548600532204127
-3.310347103010745                      -0.5182526761617222
-4.03817354978775                      -1.2040140511107342
-3.038230798327729                      -1.2147142287990849
-2.6578117660877734                      -0.28989999885362405
-2.4016697477918005                      0.6767391615693673
-2.7092310613596444                      1.628267426202858
-2.4024539507409033                      0.6764860414298542
-1.9820856065230805                      1.5838395861849106
-2.7564558039708085                      2.21657238706121
-1.9849075382240078                      1.5804015973961199
-1.1220730168059991                      2.0858880845046834
-0.18725042095873323                      1.7307730126006886
0.05705833732891888                      2.7004705069895034
-0.8234985116376801                      2.226529966691446
-1.4475513155530533                      1.4451477951995693
-2.389487510947078                      1.1093558896886857
-2.4545444921699864                      2.107237440372013
-1.4719072210472994                      1.9217003998637658
-0.4944592086988453                      1.7105242100220694
-0.5449501151364566                      0.7117996892621612
0.45376398979206534                      0.7624962041011634
-0.2366551685783812                      0.03908664807149331
0.6101512363826257                      -0.4928145763273749
1.348361999221059                      -1.1673847132512523
1.6649271649805897                      -0.21881394845421254
2.660927689966333                      -0.3081613279799895
3.404452334149391                      -0.9768698620159004
4.390987439029421                      -0.8133202156104502
4.165854807220608                      0.16100791089254562
3.166210337424568                      0.18767125663521608
2.4120921101875172                      0.8444099408535649
2.849853094125074                      -0.05468144545931841
3.7897577490956245                      0.28675557591459494
4.3138903698557565                      1.1383922330959984
4.344530820208439                      0.13886176192356592
4.818466668284998                      1.0194211363600387
4.1258570878998                      0.29810846548932657
3.605697194239066                      1.1521773649505198
3.1389309861127876                      0.2677966172228141
3.311473523191615                      -0.7172054502361337
3.5511292425438064                      0.2536524879720182
3.201436604520943                      1.1905169706548715
2.9014154886670567                      0.23658441012357856
2.7192170392588695                      -0.7466773683633371
2.268421028108569                      0.1459496289490777
1.983421843542963                      1.1044773879612722
2.7979534877132357                      1.6845965142148995
1.8056022718867526                      1.5611499085600615
0.8158730695376798                      1.4181949995241414
1.4762897923186808                      2.169094295216448
2.227075864851513                      1.508548859011848
1.7297563896857724                      2.3761163432001804
0.9355574108025904                      2.983774126776521
0.6850820737507117                      3.9518971073573708
-0.1245192308634161                      4.538877283825965
-0.8904941111117142                      5.181747786204636
-1.088230613017337                      4.20149257667289
-0.36328539991059305                      4.890299108286534
-1.3260852504875378                      4.620083550390596
-1.163320882096472                      5.606748519051315
-0.16879611264288075                      5.502247404496105
-0.54150313787236                      6.430196472788428
-1.0406108850728142                      7.296736406481324
-0.1135103261773801                      6.9219237149996005
0.09200067072915566                      7.900578521430592
-0.792607361978751                      8.366913839060135
-0.7466938814972267                      9.365859259145774
-1.7446407924217375                      9.301812690336611
-2.7417329965711517                      9.225608120759302
-1.755901156876516                      9.393344771030762
-1.171742413600383                      10.204984199997867
-1.4675183231488438                      11.160241553453353
-2.237094714540433                      11.79879631055152
-2.239537574439033                      12.798793326764827
-2.6717734944382725                      13.700553887813275
-1.921619827438823                      14.361817432768898
-1.59114849720201                      13.418001402023759
-0.6223616881001697                      13.170106023869437
-1.0951608720220953                      14.05127622972229
-1.291547492133591                      13.070749689825902
-0.7981565123445513                      12.200942043812825
-0.9469873850937798                      13.18980470936184
-1.7117936411002002                      12.54554436542203
-2.711740484931218                      12.55585501585669
-1.9301240204462395                      13.179614346404941
-0.989462231470352                      12.840268801626934
-0.051434156979107803                      12.493709526081972
0.42790270089722793                      11.61607852350672
1.1000972643630003                      12.35645306983247
0.3265196600304924                      12.990154647923593
-0.5414753749736538                      13.486727521939232
-1.5335609572575901                      13.612291041419786
-0.5870778139050243                      13.289537793024907
0.23581945436649987                      12.721347608428884
-0.6421661335401426                      12.242660542144211
0.2502649651402198                      12.69384424542721
-0.6005428759660993                      12.16836730253437
-1.3440070959539305                      12.837143015010449
-2.245074320269371                      13.27082245568578
-2.3418282632028085                      12.275514124299553
-3.1645145254214886                      12.844009782995956
-2.168483733228636                      12.933019113988156
-2.840079054813372                      12.192100951148632
-3.1197257584779905                      11.231997976916434
-3.4910965046143145                      12.160482639640676
-4.3489681025743785                      12.67434674756557
-3.580900481649639                      12.033978002476452
-2.956478419727625                      12.8150651221917
-2.4161217953654455                      13.656501227019577
-1.4342772534532107                      13.466813864453819
-2.4253620438846197                      13.600046511262063
-2.037790880516463                      12.678206724029241
-2.3641899973075726                      13.623438767793091
-1.8338245546745273                      14.471207897486225
-1.2749208678188193                      13.641975319243489
-1.4711186970102548                      14.622539652584534
-0.5306730210752589                      14.282595641583944
-0.8000199281840511                      13.31955242156164
-1.6382869605690522                      13.864812343448849
-2.611072718053434                      14.096518774165688
-2.8129735666717264                      13.117112807608809
-2.492032749656311                      12.170013556224099
-2.7952083211190666                      13.122948272176997
-2.5559472822028                      14.093903551917887
-3.517439963681684                      13.819073016018862
-2.919227752598794                      13.017735290392944
-3.606987986480408                      12.291797372461177
-4.354737074194402                      12.95577877417578
-3.3690637872262084                      12.787112917057874
-3.72477833554316                      11.852518266893608
-2.727117523270285                      11.920876906837856
-3.472825199660647                      12.587150170125891
-2.809353715366403                      11.838948600006988
-3.4991760752623917                      12.56292726805428
-4.317835682013312                      11.988648199765674
-4.480092480381289                      11.001899634333034
-5.196176042557031                      10.303885070028176
-4.383461125528322                      10.886546604402136
-3.7727910709404924                      10.094661458418392
-3.1863513755566393                      9.28466856729027
-3.257452490715831                      8.28719945427317
-3.1585136445448                      7.2921059387087555
-3.7204474684762583                      6.464923747458382
-4.009974010895578                      5.507753761909988
-4.598360693278302                      4.699174073818176
-5.372344987640753                      4.065969279079334
-5.553253449436619                      5.049469217285053
-5.736528640043781                      4.066407568908967
-4.82385639872528                      3.6577152886703224
-3.9990964015171997                      4.223198221220304
-3.082120281550197                      3.824256125910394
-2.485640895622155                      3.0216277298497354
-2.3052409193950014                      2.0380343948899857
-3.301144501233358                      1.9476128505461072
-3.9916381230920823                      1.2242743694928588
-4.984604912322335                      1.1058811455070148
-5.863124414749563                      1.5835876284596913
-6.784495046857227                      1.1949024624325812
-7.59940776366717                      0.6153187635749973
-8.599185740262778                      0.5942475150502605
-8.846817707752269                      1.5631016881213595
-8.963634723954602                      2.556255142893372
-7.96704032132506                      2.4737954761012624
-7.319490679826928                      1.7117722075617505
-7.002982581393532                      2.6603620154482126
-7.998046828971569                      2.5611292426765417
-7.14418341387027                      3.081626378453047
-6.246089001147338                      3.521429090854701
-6.4706106013036075                      4.495898203276059
-7.008617560374761                      3.6529578068119846
-7.9856844799679525                      3.4400253418455744
-8.225591705284714                      2.469229522303271
-8.077592524542098                      1.4802420388134574
-7.503996319130383                      0.6611038373252824
-8.039580571613438                      1.50558563611799
-7.18976615154587                      2.0326676519800593
-7.891089151547973                      2.745511288178103
-8.548200357684495                      3.4993049355178814
-9.46686370126232                      3.1042635944326564
-8.85592075473059                      2.312588966771059
-9.82714975744348                      2.074441482448161
-8.83932147729882                      1.9188931332237529
-9.783799371658915                      1.590318169075359
-8.878404978053696                      1.165746629722757
-9.074313074690323                      0.18512436928186005
-9.501996177971185                      1.0890531071633656
-8.536579477016426                      1.3497648129182669
-9.308953472810925                      0.7145967952879401
-10.288950665552186                      0.515585483500774
-9.548292949455506                      1.187468023522801
-10.486982401049538                      1.5322318752620678
-9.533524115828808                      1.2307069205005348
-10.528238042347098                      1.1280219440406534
-11.318457015783126                      0.5151973573751785
-11.950900901076508                      -0.259408821244003
-10.953451334562445                      -0.1880340199419649
-11.09339568654752                      0.802125350234108
-10.638078613354566                      -0.08820400616104185
-9.880975443164653                      -0.7414993373003239
-8.88640910459858                      -0.6373945910527384
-7.921409378154888                      -0.3751437036117183
-8.628278705029519                      0.33220045217371513
-7.637831454638018                      0.19430830521851508
-6.656017005177842                      0.004465246796010847
-7.277977860504625                      0.7875135814734919
-7.142661698818483                      -0.2032888894492091
-6.981592029512354                      -1.1902319281447635
-6.166246511533382                      -1.7692066135253954
-7.095612085405888                      -2.1383673239221386
-8.09366608624178                      -2.0760117995841325
-7.832208612414985                      -3.0412267960383477
-8.830738956809496                      -3.095422287763961
-9.594524918554564                      -2.4499526876733277
-8.795376957637545                      -3.0510870624699873
-8.050673695323196                      -2.383691339455248
-8.98646151997047                      -2.7362550177346785
-9.338855067846993                      -1.8004031130964515
-8.519189508352062                      -1.2275607520774172
-7.6229470204333065                      -1.6711251812747998
-8.257493309913                      -2.444010041074468
-8.71577625235629                      -1.5552036815869137
-8.32103829427809                      -0.6364099373481689
-7.827243932540085                      -1.5059886447207433
-8.627767738596424                      -2.1052896007829487
-8.039037707178386                      -2.9136193293631334
-8.049020402979192                      -3.9135695010139755
-8.296497894700469                      -2.9446758581968986
-8.332774808554019                      -1.9453340820655982
-8.280635203998589                      -0.9466942763113897
-8.212392072029976                      -1.9443629963478126
-9.094454628984503                      -1.4732306947393976
-8.233830157492152                      -1.9824708336409902
-7.976476424787884                      -2.948788098447524
-6.978652212317981                      -3.014718675639137


Set:5

Distance along x-axis               Distance along y-axis

0.8205253014757893                      0.571610207779799
1.3331258299996547                      1.430237425003347
0.3833144068404709                      1.1174143752830203
1.062353395051479                      1.8515165837590408
0.37490200071736146                      2.5777469744947066
0.6506543649583105                      3.5389756848521983
-0.33918374179652355                      3.681174568167102
0.2842069107813142                      4.463085109264085
1.1228146775069954                      5.007820837473063
1.2050621594098425                      6.004432773845812
0.32992095989357395                      5.520565146380172
-0.06031614356944498                      4.599850748164964
-0.9564990108158764                      4.1561658729957
0.028537688063196454                      4.3285105911086115
0.11240800949724605                      3.3320339134173826
1.0075050921947755                      2.886162617473842
0.3626598799074261                      3.6504758073313006
0.8780240611604708                      4.507447079125973
0.5191127591761892                      3.5740754075460246
0.19472632158735304                      2.62815075985551
1.178654866277326                      2.449588112741753
0.9665703210905245                      1.4723367910783298
0.8435853898107408                      0.4799282528854609
0.3020813338639219                      1.3206263897890373
1.2580421743103125                      1.0271321453258278
2.0909363944166666                      0.47369992895834134
1.9885002185234102                      -0.5210396499608679
2.63824006955732                      0.23911699572371237
2.958609234159814                      1.1864097690371693
3.531745822700221                      2.0058696221576646
3.4372960659028338                      3.001399251772431
4.033752722456663                      2.1987539647043346
5.009810641357213                      1.9812431857725143
5.904372823904961                      2.428186696247173
5.412560053865452                      1.5574857147236276
5.581352069059116                      0.571834023908428
6.0538732644293205                      -0.3094852825440704
6.735563418876756                      -1.0411262691826209
6.846428634147311                      -2.0349617203731154
5.878778131903431                      -1.7826672386515225
6.849586208075992                      -2.022524861499182
7.470527716949914                      -2.8063817633361037
6.541845178049856                      -3.1772574054887546
5.643572738351112                      -3.616696393378616
6.150855916108763                      -2.7549169682563295
6.995606275355302                      -3.2900775334634873
7.763977623177958                      -3.9300818083282683
7.6662059492485835                      -4.925290680765129
8.141766221481271                      -4.0456075403822
8.249782042429054                      -3.051458365245502
8.658707884068502                      -2.138890748003104
7.665450137506923                      -2.0229638361343976
7.939202272911357                      -2.9847641108076335
6.949180907913246                      -2.843846770330047
6.797224855500248                      -3.8322340214290573
7.764052355590139                      -3.5768038253481462
6.764990186182209                      -3.620102574266796
7.168513671648507                      -2.705133286980534
7.84659084972752                      -1.9701425791696106
8.846580565756346                      -1.974677756849619
8.420714897985176                      -2.8794641587223566
8.481219840704124                      -3.8776320563761413
7.835347210146422                      -3.114186874914844
6.902729051377617                      -3.475051627882883
6.177899648710481                      -4.163980025489777
5.429487839522523                      -3.5007457050056754
4.577757041722949                      -4.024725330639823
5.012794883408412                      -4.925137500871687
4.387042599301189                      -5.705159346036676
5.346269614167309                      -5.422522593382263
4.436186258840708                      -5.0080973451679744
5.14109904094861                      -5.717391338953976
5.460287774691908                      -6.665082508191798
5.800051234805853                      -7.605593428474704
5.765433689240475                      -8.604994061623907
4.76554301453976                      -8.619780496168715
4.504458512067608                      -7.654464546560056
4.945335081392157                      -6.756896805038216
4.257836839530055                      -6.030710763147765
3.7064005488249654                      -6.864927771661384
4.3624756634438215                      -6.11023217476297
5.212449060930377                      -5.583406564560541
4.456407656414691                      -4.928882772282559
5.243212695774996                      -4.311681160135256
5.1455617258569095                      -5.306901883429369
4.1481904520385555                      -5.23444125852208
5.136332348677749                      -5.080897805042954
4.408713054721265                      -4.394916636888706
5.203734484825109                      -5.001497979888669
4.353699915237354                      -5.528224883042249
4.307771443295617                      -4.529280152106099
4.759365284311055                      -3.637056523884495
5.678392372961801                      -3.2428621424860085
4.865494498823645                      -2.660455887178198
5.731500982462727                      -3.1604886563994485
6.435501418655029                      -2.4502891169451857
6.9582122290697495                      -1.5977790532652394
5.9753143567681475                      -1.7819305469463502
6.0356117729533985                      -0.7837500915168809
5.073145405446551                      -1.055151070546386
5.212564458548826                      -2.045384541820744
5.693006067429636                      -1.1683578258901406
5.637440367392653                      -2.1668128589183686
6.618195213028822                      -2.362056124515865
5.636143479129329                      -2.173444375292765
6.561914925944861                      -2.551528001308327
5.618925964714332                      -2.8843520073496114
6.582071844788267                      -2.615372428763047
5.957520430753656                      -3.3963561233606794
6.913297716318185                      -3.10226467431991
5.922616309786349                      -2.9660650019557524
6.786273279861292                      -2.4619850102471252
6.66179099557721                      -1.4697631797578858
5.787601862006655                      -1.9553487630973851
5.840856705812829                      -2.953929717057143
5.387413684941314                      -3.845214983861725
5.192200020665244                      -4.825975721901289
5.0805893497283225                      -3.8322237115219333
5.908868016387899                      -4.392540095680592
5.754471439361144                      -5.380549051612886
6.338996824307988                      -4.569173630274069
6.918394072602494                      -3.754128337870785
7.335110134032759                      -4.663165039080393
6.632900699805845                      -5.375135481221579
6.741437755310736                      -6.369227885167172
7.6054683256623345                      -6.872667229575107
7.125683069233463                      -7.750053180974765
7.687480570319826                      -8.577327964691227
6.835400028336184                      -8.053917275105254
6.2046317749265905                      -7.277946005991113
6.059959600785979                      -6.288466363942107
7.030979558443421                      -6.04946795007511
6.876325288254948                      -5.061499298390012
7.813712938469635                      -4.71321149609859
6.858278119042218                      -5.008413640104524
7.663926774788605                      -5.6008072959568125
8.42081004205263                      -6.254357385648288
7.461843180868238                      -5.970839204308616
6.774216614762518                      -6.6969037369678395
6.545338625621553                      -7.670358854621853
6.458217346667459                      -8.66655656730413
5.653516896362698                      -9.260237614061827
5.953428751809438                      -8.306270696940226
6.2083333764173885                      -9.273236897152767
5.214251605169219                      -9.164602500794606
4.621042770370076                      -8.359553882190584
4.71467021676099                      -7.363946579444006
4.2502908524160405                      -8.24958296418132
4.156394957535199                      -7.254000942987423
3.364582655204837                      -7.864765445785589
3.796280627250785                      -6.962747230375603
4.7946909322169695                      -6.90638356355619
4.241321431392817                      -7.739319452780341
4.458961253408762                      -8.715348605968332
5.43032436955314                      -8.952948472538758
4.5329975325291                      -9.394315154059273
3.763287905471731                      -10.032709303480464
2.7873577528272055                      -10.250792629663906
3.0107422553533736                      -11.225523035484477
3.5409124446432116                      -10.377631786332572
2.541353322507053                      -10.407322885241028
3.4267702000405165                      -9.942525130320792
2.7302428484580803                      -10.660055372538887
3.3677523680053465                      -9.889612894162589
2.371482653875044                      -9.975906907319501
3.078642158625729                      -9.268852853628578
3.492443307671954                      -8.358485560143128
3.400019138142819                      -9.3542052862141
3.777903636183791                      -10.280058031600925
3.655961348589001                      -11.27259522410111
3.134634793980794                      -10.419237958086262
3.3754952762918635                      -11.38979770795274
3.151233567825843                      -10.415268751935576
2.608917866967619                      -9.57509396023884
3.490848140475846                      -9.103714078752894
3.5749801980702323                      -10.100168692312856
4.132011937529535                      -9.269677487522015
5.0811174718521706                      -9.584635714463534
5.2851937712482115                      -8.605680728764591
4.466927441801506                      -9.180520022910194
5.243180148184338                      -9.810941894226005
4.439232521321097                      -10.405641997858888
4.131855748344778                      -11.357229891557974
3.324348773450128                      -10.767371870084594
2.336996091698574                      -10.925911082388726
1.352720027372019                      -10.749274084016848
2.2387516846282987                      -10.285649340997573
2.4520691590111694                      -9.308666406078588
2.1430938491759837                      -10.2597364654918
3.056166098772155                      -9.851938639336012
3.5287798970770425                      -10.733208290266887
2.530370975285508                      -10.789596452917085
3.4908349305738122                      -10.511192087664048
2.493421507723657                      -10.583070206158743
1.7941724266312487                      -9.86819208886082
1.625639394484621                      -10.853888095282406
2.1365589699280285                      -11.7135166123924
1.8375130132687334                      -12.667755322467467
2.5807323869321417                      -13.336803125401886
3.559671629521487                      -13.540954929994935
3.257206616221644                      -14.494115417913694
4.074654910177829                      -13.918113432927424
4.84039578204492                      -13.274964214509003
4.117844294728395                      -12.583647103353291
4.881499560807602                      -13.229271324235297
3.928524164109494                      -13.532318999177845
4.024296218612717                      -14.5277222911034
3.3629271934265272                      -15.277782963665473
3.7224287572627706                      -16.210927446368604
4.717194174484261                      -16.313112399762705
3.9921771592959985                      -17.001843354263446
4.764671754330158                      -17.636864692993893
4.728459442995728                      -18.636208812157967
3.818189476976838                      -18.222193608374376
2.8349384361489594                      -18.404449995672305
3.156872224030302                      -19.351212181345335
2.284243473410535                      -19.839596316623894
3.1077083839587614                      -19.272229115337282
3.2547893670202654                      -18.283104661882785
2.3846909440972617                      -17.79022665017309
2.7157775240195168                      -16.84662627045963
3.2341412644305865                      -15.991466032476687
3.788981714749394                      -16.82342280700889
3.4407824645210967                      -17.76084335411699
2.7978728249374107                      -16.994901322804974
2.0002438449095745                      -17.59804973755855
2.42848721520951                      -16.6943862958978
2.9326248781633684                      -15.830762988667487
3.9222905160357744                      -15.974157288465646
4.854131559736902                      -16.337024026089797
5.790082788007027                      -15.984894364885797
5.090803857543211                      -15.270045445596287
4.090870359223504                      -15.258512929040334
3.1554335667451436                      -14.905018930112774
4.101922844253137                      -14.582283670863964
5.097951411554142                      -14.671317895296516
4.9014337357662825                      -15.651818177347948
5.820459547184979                      -16.046015536479395
5.220443315357371                      -15.246027710607402
5.562955232447108                      -14.30651422658947
5.7568397465201615                      -13.32548986644205
6.218134201515094                      -12.438242761182796
7.206395600986299                      -12.285470360811468
7.194581827899085                      -11.285540145863722
6.842727334577005                      -10.349485438312362
6.272664977205464                      -11.171086867661169
6.897467684735424                      -10.390304198371416
7.159640994868557                      -9.425283392661076
6.230009058701304                      -9.793772827052246
7.229898306631081                      -9.778890223972624


